-0.080767
-0.061520
-0.010532
0.086411
-0.095398
-0.040844
-0.071694
-0.020247
0.046674
-0.012134
0.072716
0.000886
-0.082343
0.013368
0.003582
-0.013930
-0.041397
0.046024
0.043185
-0.073780
0.064849
-0.035317
-0.001763
0.036355
-0.045820
-0.067324
-0.037410
-0.001813
0.078786
0.038334
0.013354
-0.071437
0.008910
0.027198
0.018988
-0.008097
0.048792
-0.046909
-0.030010
-0.088474
0.099480
0.057566
-0.089530
0.007374
0.097598
-0.012605
-0.061407
-0.090657
0.091817
0.050233
0.095021
-0.087635
-0.063044
0.015980
0.013193
0.066331
-0.024998
0.067866
0.067714
-0.097355
-0.093295
-0.030859
-0.049075
-0.019374
-0.074673
-0.093069
0.004238
0.078959
-0.029372
-0.072736
-0.061718
0.095823
0.010512
0.085973
0.088108
-0.082263
0.087319
0.028594
0.089063
-0.027563
0.061237
-0.045205
0.059121
-0.037864
-0.022324
-0.039084
-0.062235
-0.000469
-0.085181
0.085913
-0.012383
-0.032132
-0.019438
-0.014961
-0.028530
-0.025517
0.050514
-0.088343
0.083109
0.006208
0.050815
0.015947
-0.043732
0.013231
-0.077148
0.006497
0.065997
0.049966
-0.090591
0.075452
-0.060172
0.046932
0.037631
0.061249
-0.003053
0.047382
0.059078
0.077661
0.018835
0.001351
0.017268
-0.047016
-0.020672
-0.039824
0.047919
-0.011888
0.086102
0.015629
0.089759
-0.071292
0.082790
0.089904
0.029053
0.029926
-0.041888
0.076756
-0.023099
0.064386
-0.061562
0.078915
-0.038393
-0.059530
0.017784
0.071567
-0.021536
-0.092823
0.047760
-0.093284
0.088496
0.085301
-0.068217
0.011512
-0.081046
0.046750
0.099252
0.045380
0.040411
-0.070761
0.067828
0.003292
-0.019193
0.035535
0.082976
0.047250
0.078423
0.009640
-0.044577
0.026751
0.025767
0.089576
0.051660
-0.047216
0.079580
0.018662
-0.086149
0.021330
0.092096
0.040548
-0.058715
0.096453
-0.071649
-0.056079
0.032403
0.070748
0.094685
0.048166
0.027767
0.023374
-0.090442
-0.087854
-0.048474
-0.044310
-0.082494
0.084228
0.039844
0.067840
-0.092802
0.021815
0.043331
-0.070893
-0.011406
0.046843
-0.063264
-0.069726
-0.038209
-0.024648
-0.054591
-0.090199
0.098971
0.077651
0.078025
0.027665
-0.081387
-0.068237
-0.050624
-0.005723
-0.039692
-0.072369
-0.057799
0.025969
-0.015763
0.079153
0.090861
-0.014794
0.005065
0.073658
0.089749
0.062223
0.033668
0.035193
-0.003566
-0.077991
0.021900
0.039643
0.057626
0.041198
-0.008390
-0.063067
-0.066819
-0.027707
-0.037301
-0.039310
-0.033066
-0.016697
-0.087635
-0.092797
0.011301
-0.000582
-0.066519
0.039182
0.089565
-0.046171
-0.087216
-0.048801
0.095157
0.065536
