0.000000000000000
0.000000077447076
0.000000269059649
0.000000877875583
0.000003011857134
0.000010852588654
0.000039869339513
0.000142103275267
0.000406958941302
0.000668161790166
0.000874032411923
0.001045043639476
0.001193269803462
0.001326051864451
0.001448071888898
0.001562351719206
0.001670772349899
0.001774891658325
0.001876681389301
0.001978278283467
0.002081289891278
0.002186965971588
0.002296627424751
0.002410707495900
0.002527074987248
0.002644233321734
0.002763676236401
0.002886024694437
0.003011905597425
0.003142558543643
0.003276724424143
0.003412231372026
0.003548777323467
0.003686458390115
0.003825124458437
0.003965021471041
0.004106382797740
0.004248602356520
0.004391168411407
0.004534472724240
0.004679364653062
0.004826837531403
0.004977687448258
0.005130788481453
0.005285162969264
0.005441536305329
0.005600761025945
0.005763340098179
0.005929070655988
0.006097063427120
0.006266371361419
0.006436488727941
0.006607397619188
0.006779259640578
0.006952111087056
0.007125442018436
0.007298352920809
0.007470913318348
0.007644507317279
0.007820083392729
0.007997521593613
0.008176649395257
0.008357470129411
0.008539853923511
0.008723204723326
0.008905628208550
0.009079440086534
0.009244767914257
0.009420756268000
0.009608271378134
0.009800311951595
0.009994090547831
0.010186548131286
0.010378315220741
0.010571056350621
0.010766786343179
0.010966698638381
0.011169349243468
0.011372152379282
0.011574026019171
0.011775438706712
0.011977961387849
0.012183246327275
0.012392506955098
0.012606403067280
0.012824332749466
0.013045726192065
0.013270022533827
0.013496082038662
0.013723419783925
0.013952074471053
0.014182166689383
0.014413738302493
0.014646715760468
0.014880930912070
0.015116114399477
0.015351835744879
0.015587195140487
0.015819644198977
0.016042430103986
0.016245711014429
0.016431841005377
0.016622673615094
0.016842445169028
0.017085090318122
0.017339974488954
0.017599671660460
0.017855652808214
0.018117911943130
0.018382648421789
0.018648655117350
0.018921351275513
0.019200830221300
0.019484272512931
0.019773911677072
0.020070661977177
0.020371533347319
0.020674971826060
0.020981134623291
0.021290252211459
0.021602395581683
0.021917301295554
0.022234102122222
0.022550996781248
0.022865090414547
0.023173061135118
0.023475520301717
0.023771011344394
0.024025671157011
0.024244643887018
0.024461848123187
0.024724633478357
0.024987846302019
0.025216706198794
0.025437548722595
0.025689563796107
0.026001183380780
0.026337230381832
0.026681459639471
0.027031933542890
0.027386548188301
0.027740863383694
0.028093050470692
0.028443092613361
0.028791331685872
0.029138101025353
0.029483530515504
0.029827579565316
0.030170618181216
0.030513114853580
0.030855081031183
0.031196590020455
0.031537983269503
0.031879772048574
0.032221270126195
0.032550661165453
0.032873988345099
0.033208995751787
0.033549411011452
0.033886762179249
0.034222615340011
0.034559925281684
0.034902530548931
0.035255034297043
0.035621365506653
0.035993878086861
0.036363924072716
0.036731981681679
0.037100462060997
0.037472190737347
0.037849777137399
0.038234414149727
0.038621950290741
0.039010965122090
0.039401969462767
0.039795881137625
0.040193572553353
0.040595616961004
0.041001439861846
0.041394826345588
0.041764624972412
0.042126299357820
0.042501331315211
0.042894084180773
0.043285943540141
0.043671781731580
0.044057378933962
0.044447660719736
0.044845942191184
0.045254555673190
0.045674991625527
0.046107497788913
0.046550301722486
0.047000126940237
0.047454889699639
0.047914286522932
0.048378637610018
0.048848027245843
0.049321747265479
0.049798414429477
0.050276912027317
0.050756796796492
0.051238034028745
0.051720705546137
0.052204810526422
0.052690134859676
0.053176210638921
0.053662407637445
0.054148132775014
0.054633019140750
0.055116987786179
0.055600114931745
0.056082020361714
0.056557858858274
0.057020876283179
0.057488482913671
0.057959833280962
0.058422384529758
0.058876340427143
0.059322873609588
0.059763570741956
0.060200388992830
0.060635633157339
0.061071852782862
0.061511643941494
0.061957300583065
0.062410123465059
0.062867151105330
0.063319020971988
0.063764785462520
0.064207749198916
0.064651639095960
0.065099856640578
0.065554940530764
0.066017987641319
0.066488295835294
0.066964025711931
0.067443874015564
0.067927882826693
0.068416928531186
0.068912038190502
0.069413965940016
0.069923040082040
0.070439327969340
0.070962918538839
0.071494030079470
0.072032921043003
0.072578299261872
0.073076498982050
0.073504770587936
0.073903305492782
0.074317831768377
0.074756811291330
0.075188911527714
0.075628236391926
0.076086835283696
0.076571196290301
0.077084649989367
0.077628224460670
0.078200217923899
0.078794164079627
0.079400317728435
0.080013046195541
0.080630709945491
0.081253142619658
0.081880636948112
0.082513525987143
0.083151961176716
0.083795838662008
0.084444896544742
0.085098914544835
0.085757862356604
0.086421918272661
0.087091395645260
0.087766639354809
0.088447927422120
0.089135392064728
0.089828968392011
0.090528378078750
0.091233151810168
0.091942685583845
0.092656315910828
0.093373394536945
0.094093347471519
0.094815711778917
0.095540150646548
0.096266450283269
0.096994502613597
0.097724277641204
0.098455789673104
0.099189062047803
0.099924095054858
0.100660841207500
0.101399190962296
0.102138970124132
0.102879947370831
0.103621847517020
0.104364365191758
0.105107175449132
0.105849941164582
0.106592319537548
0.107333970169573
0.108074565194853
0.108813799341486
0.109551396679975
0.110287112163315
0.111020728607784
0.111752051319467
0.112480902429328
0.113207116131845
0.113930535433303
0.114651010811877
0.115368401053825
0.116082576393410
0.116793424153932
0.117500857447529
0.118204827937803
0.118905343926534
0.119602494951502
0.120296483375585
0.120987660497156
0.121676553324933
0.122363826874619
0.123049988276991
0.123734283643794
0.124412062486814
0.125071494176998
0.125691073953156
0.126239015294599
0.126685779573868
0.127031810928948
0.127310674220429
0.127567351468790
0.127859379242848
0.128311003835311
0.128991797882450
0.129684031124591
0.130372074405233
0.131056820758507
0.131738115918116
0.132415454766049
0.133088540603410
0.133757528730066
0.134423191904424
0.135087161758304
0.135752355554329
0.136423359051557
0.137098505230212
0.137740801714259
0.138315886091656
0.138798703630668
0.139177878014497
0.139472831585236
0.139723466540728
0.139976784751470
0.140307511856143
0.140853593274539
0.141546195537305
0.142351445462932
0.143191483571289
0.144036591052682
0.144881147836285
0.145724953150017
0.146568334241080
0.147411745891011
0.148255702781693
0.149100762207881
0.149947518852359
0.150796592625008
0.151648572876659
0.152503778097685
0.153361207647152
0.154216895882443
0.155067035067053
0.155910118087650
0.156745556882596
0.157573085696065
0.158392638509094
0.159204346648828
0.160008587165304
0.160806078699226
0.161598048528334
0.162386522738410
0.163174822044555
0.163967867495560
0.164758024612931
0.165514571446500
0.166217192390382
0.166840431913158
0.167355434108127
0.167752959016400
0.168059981350912
0.168321541351762
0.168588107494067
0.168944913819594
0.169632336956489
0.170507835437722
0.171388029742180
0.172272994590150
0.173163226449364
0.174059212457553
0.174961329104280
0.175869751541208
0.176784393560061
0.177704901245106
0.178630755529949
0.179561476187672
0.180496768865876
0.181436492592344
0.182380397259996
0.183327635407115
0.184277028479319
0.185227790787951
0.186179485567516
0.187131880185966
0.188084895604642
0.189038583388259
0.189993108924296
0.190948742046845
0.191905857298279
0.192864940969569
0.193826599437267
0.194791562868961
0.195760673476225
0.196734828625993
0.197714798076799
0.198700720643858
0.199691131759583
0.200682762778190
0.201672578251451
0.202659056160712
0.203641748769781
0.204620747094828
0.205596386334225
0.206569068323957
0.207539125405884
0.208506694934347
0.209471593310549
0.210433198168354
0.211390384528420
0.212341598972356
0.213285117779573
0.214219393647185
0.215143317803150
0.216056319640059
0.216958344415824
0.217849776454176
0.218731351482512
0.219604077786705
0.220469172207900
0.221328010092646
0.222182085161962
0.223032974508875
0.223882304510691
0.224731714289582
0.225582813762629
0.226437132995494
0.227296056896832
0.228160720652861
0.229031667765798
0.229905656620151
0.230770871290553
0.231623555667982
0.232465199328386
0.233297976880931
0.234124235042586
0.234946350117970
0.235766638735464
0.236587283128980
0.237410262551144
0.238237290224061
0.239069760090657
0.239908710982159
0.240754815861824
0.241608399405157
0.242469480918746
0.243337837580877
0.244213088548686
0.245094806487187
0.245982654754181
0.246876522695648
0.247776611896049
0.248683439332051
0.249597759152133
0.250520429019176
0.251452245400335
0.252393757434844
0.253345062303889
0.254305616422541
0.255274193596543
0.256249179006545
0.257229143264319
0.258213303174316
0.259201631380986
0.260194731242179
0.261193652334871
0.262199724889819
0.263214426926011
0.264239278179091
0.265275753094302
0.266325207702595
0.267388818067023
0.268467529877410
0.269562018068612
0.270672646657012
0.271799374742804
0.272941263095137
0.274094260541876
0.275252397734030
0.276413445650510
0.277576950918812
0.278742844677823
0.279911177808062
0.281082043267516
0.282255538002528
0.283431736432067
0.284610665846357
0.285792276330664
0.286976393884984
0.288162623572204
0.289328551599465
0.290255148295032
0.290921843286392
0.291428267825253
0.291857422807906
0.292276654124849
0.292746150348635
0.293216696104815
0.293684723794123
0.294173096959440
0.294692013177983
0.295246397025440
0.295838835603338
0.296471049745377
0.297144711834645
0.297861772721333
0.298622330706729
0.299415800163903
0.300235929197062
0.301084735869116
0.301962597991859
0.302866319378973
0.303792971520789
0.304742558740986
0.305716009220849
0.306713139898013
0.307731507357078
0.308767806243067
0.309820027585056
0.310887379388750
0.311969595586667
0.313066520093964
0.314177823785109
0.315302674764122
0.316439254191349
0.317584344229320
0.318733863355701
0.319884302597946
0.321033384376173
0.322179764465136
0.323322626090156
0.324461435062270
0.325595812526586
0.326725469750789
0.327850174321010
0.328969731079530
0.330083969208026
0.331192733166758
0.332295878828566
0.333393275711773
0.334484813385354
0.335570408599898
0.336650011331145
0.337723610727230
0.338791242552188
0.339852997359769
0.340909026051083
0.341959539661593
0.343004802954452
0.344045123469892
0.345080836484123
0.346112282656291
0.347139772324811
0.348163531033659
0.349183624845932
0.350199870525919
0.351211746921431
0.352218343509268
0.353218401346054
0.354210486244157
0.355193259116889
0.356165731448869
0.357127407736432
0.358078303174857
0.359018886129320
0.359949997688177
0.360872777582315
0.361788605921375
0.362699059893252
0.363605880173588
0.364510938143108
0.365416181240298
0.366323403920458
0.367231395340746
0.368133062182139
0.369028328912233
0.369921283407717
0.370818680942768
0.371712575047829
0.372551890529481
0.373308604267862
0.373956955674237
0.374475322643392
0.374868618561657
0.375173923975830
0.375439324545998
0.375718225086308
0.376110129072172
0.376882795235508
0.377784710681805
0.378693875500824
0.379614644504676
0.380547086505405
0.381491226654665
0.382447520222214
0.383416631802459
0.384399216360745
0.385395774169803
0.386406568376701
0.387431590905833
0.388470566334053
0.389522986014840
0.390588165905063
0.391665321090743
0.392753648118642
0.393852404890119
0.394960979514977
0.396078943760549
0.397206090574894
0.398342457054524
0.399488335173951
0.400644273455717
0.401811072856116
0.402989778512923
0.404181665473872
0.405388211066521
0.406611037469637
0.407851789370930
0.409111872440241
0.410391940819369
0.411691269165908
0.413007986109636
0.414340436141897
0.415687890986157
0.417050329649078
0.418428127623645
0.419821889696212
0.421232377183635
0.422660469056880
0.424107102799318
0.425573120824644
0.427058915241389
0.428563983210589
0.430087239793243
0.431628070341965
0.433186607951095
0.434763406756191
0.436359191630056
0.437974753528380
0.439610918709656
0.441268546825977
0.442948536130209
0.444651827262175
0.446379404499463
0.448132295280790
0.449911565987440
0.451718306893364
0.453553593765563
0.455418404955234
0.457313443763919
0.459238674407515
0.461191454601097
0.463161814629866
0.465139772139867
0.467122121129492
0.469107758290707
0.471096094805852
0.473086757900509
0.475079501756686
0.477074166611814
0.479070653061447
0.481068903442504
0.483068888980919
0.485070602676395
0.487074056821390
0.489079282630999
0.491086329191382
0.493095260222151
0.495106149181260
0.497119074642863
0.499134117721759
0.501151361788976
0.503170892969363
0.505192799207170
0.507217166535342
0.509244072996164
0.511273582177849
0.513305738515558
0.515340565262576
0.517378064275132
0.519418215729736
0.521460976326975
0.523506276119915
0.525554015718369
0.527604066119276
0.529656272438821
0.531710461041996
0.533766448178126
0.535824048104522
0.537883079771759
0.539943372586693
0.542004772528314
0.544067149487564
0.546130405496421
0.548194482384152
0.550259367113968
0.552325093778821
0.554391742497637
0.556459436487370
0.558528338815481
0.560598649695701
0.562670604114465
0.564744468709285
0.566820536629357
0.568899119636896
0.570980537583713
0.573065106067318
0.575153123120303
0.577244855180650
0.579340521698988
0.581440277149539
0.583544189444086
0.585652215021160
0.587764173018242
0.589879723381885
0.591998355659382
0.594119395434994
0.596242032889464
0.598365372632563
0.600488497464702
0.602610534280086
0.604730710496123
0.606848393853646
0.608963114276897
0.611074570765699
0.613182627932185
0.615287306425933
0.617388770291181
0.619487313131508
0.621583344170630
0.623677374883014
0.625770006665658
0.627861919869987
0.629953864317594
0.632046651176697
0.634141145830056
0.636238261192232
0.638338950885492
0.640444201762011
0.642555025411811
0.644672448424636
0.646797501164561
0.648931204558603
0.651074553796870
0.653228496783910
0.655393903495726
0.657571519778367
0.659761895173351
0.661965269244003
0.664181398431454
0.666409322616832
0.668647148706312
0.670892079697532
0.673140921536303
0.675390864943920
0.677639989145339
0.679887295308079
0.682132500896874
0.684375816283224
0.686617777860518
0.688859137119497
0.691100788913386
0.693343724595101
0.695589000622227
0.697837716894768
0.700091001353229
0.702349998664529
0.704615861551612
0.706889743740678
0.709172793767563
0.711466149091824
0.713770930153655
0.716088234180582
0.718419128691931
0.720764644735071
0.723125769898024
0.725503441071180
0.727898536786431
0.730311868767727
0.732744172105561
0.735196093219682
0.737668174444773
0.740160833497960
0.742674334882434
0.745208747602270
0.747763877549131
0.750339149886033
0.752933394022596
0.755544487157348
0.758169062582290
0.760803083607527
0.763443311547750
0.766087956421674
0.768736258517301
0.771387975456371
0.774043088480171
0.776701659593533
0.779363763549779
0.782029456305501
0.784698762535514
0.787371674024473
0.790048154618029
0.792728148966990
0.795411592888350
0.798098423458711
0.800788587286716
0.803482045906915
0.806178777861597
0.808878777658576
0.811582052267929
0.814288616058291
0.816998485063944
0.819711671280269
0.822428177409779
0.825147992228209
0.827871086583462
0.830597410005483
0.833326887970928
0.836059419979246
0.838794878693938
0.841533110434676
0.844273937249415
0.847017160655804
0.849762566944856
0.852509933725129
0.855259037195820
0.858009659515113
0.860761595612679
0.863514658900818
0.866268685554297
0.869023537304795
0.871779102956280
0.874535298996675
0.877292069712258
0.880049387106742
0.882807250738414
0.885565687396219
0.888324750416605
0.891084518441045
0.893845093523547
0.896606598667363
0.899369175027357
0.902132979094108
0.904898180146845
0.907664958137288
0.910433501994749
0.913204008188699
0.915976679303000
0.918751722390613
0.921529346976090
0.924309762712231
0.927093176821150
0.929879791512106
0.932669801548887
0.935463392051266
0.938260736497544
0.941061994797814
0.943867311271135
0.946676812401776
0.949490604360294
0.952308770422304
0.955131368558936
0.957958429568400
0.960789956141134
0.963625923192485
0.966466279665093
0.969310951820182
0.972159847833935
0.975012863327711
0.977869887323502
0.980730808055011
0.983595518089160
0.986463918308931
0.989335920440690
0.992211447933404
0.995090435079471
0.997972824301798
