0.177107
0.085886
0.034219
0.011375
0.003687
0.001244
0.000501
0.000315
0.000518
0.001287
0.002809
0.005425
0.009529
0.015529
0.023786
0.034516
0.047676
0.062945
0.079868
0.097916
0.116406
0.134545
0.151632
0.167014
0.180092
0.190717
0.199298
0.206176
0.211665
0.216063
0.219549
0.222270
0.224393
0.226055
0.227354
0.228370
0.229161
0.229768
0.230226
0.230561
0.230796
0.230948
0.231029
0.231046
0.231007
0.230918
0.230782
0.230599
0.230372
0.230104
0.229800
0.229462
0.229092
0.228691
0.228260
0.227802
0.227320
0.226814
0.226282
0.225718
0.225123
0.224498
0.223845
0.223167
0.222471
0.221764
0.221083
0.220449
0.219813
0.219171
0.218546
0.217927
0.217313
0.216695
0.216066
0.215421
0.214757
0.214081
0.213405
0.212738
0.212080
0.211430
0.210781
0.210130
0.209473
0.208810
0.208143
0.207472
0.206803
0.206136
0.205471
0.204807
0.204143
0.203477
0.202810
0.202139
0.201465
0.200787
0.200108
0.199442
0.198825
0.198271
0.197739
0.197175
0.196594
0.196011
0.195430
0.194868
0.194305
0.193742
0.193181
0.192611
0.192027
0.191437
0.190836
0.190220
0.189595
0.188967
0.188334
0.187695
0.187049
0.186395
0.185730
0.185057
0.184379
0.183703
0.183027
0.182347
0.181738
0.181214
0.180716
0.180150
0.179588
0.179120
0.178700
0.178264
0.177761
0.177240
0.176723
0.176204
0.175679
0.175152
0.174626
0.174102
0.173581
0.173065
0.172554
0.172051
0.171555
0.171066
0.170580
0.170095
0.169612
0.169130
0.168651
0.168194
0.167757
0.167315
0.166868
0.166428
0.165992
0.165559
0.165124
0.164682
0.164229
0.163773
0.163326
0.162888
0.162456
0.162027
0.161597
0.161165
0.160735
0.160308
0.159884
0.159462
0.159041
0.158618
0.158197
0.157791
0.157418
0.157065
0.156710
0.156341
0.155974
0.155614
0.155258
0.154902
0.154543
0.154180
0.153811
0.153436
0.153058
0.152678
0.152300
0.151922
0.151545
0.151169
0.150793
0.150419
0.150048
0.149680
0.149314
0.148951
0.148590
0.148231
0.147874
0.147520
0.147169
0.146821
0.146476
0.146134
0.145797
0.145469
0.145157
0.144849
0.144542
0.144241
0.143945
0.143654
0.143366
0.143082
0.142801
0.142520
0.142240
0.141958
0.141673
0.141388
0.141108
0.140835
0.140567
0.140302
0.140037
0.139771
0.139504
0.139236
0.138968
0.138702
0.138437
0.138173
0.137910
0.137645
0.137381
0.137115
0.136848
0.136579
0.136307
0.136032
0.135777
0.135563
0.135373
0.135185
0.134988
0.134792
0.134592
0.134384
0.134164
0.133934
0.133693
0.133442
0.133186
0.132927
0.132670
0.132414
0.132159
0.131906
0.131655
0.131404
0.131154
0.130905
0.130657
0.130410
0.130164
0.129918
0.129673
0.129428
0.129183
0.128938
0.128694
0.128450
0.128206
0.127963
0.127721
0.127480
0.127239
0.127000
0.126762
0.126525
0.126288
0.126053
0.125818
0.125585
0.125352
0.125119
0.124887
0.124656
0.124426
0.124196
0.123967
0.123738
0.123510
0.123284
0.123058
0.122832
0.122608
0.122384
0.122162
0.121940
0.121718
0.121498
0.121278
0.121058
0.120839
0.120620
0.120402
0.120183
0.119965
0.119746
0.119526
0.119305
0.119083
0.118858
0.118630
0.118397
0.118158
0.117911
0.117659
0.117403
0.117152
0.116922
0.116726
0.116564
0.116426
0.116299
0.116148
0.115943
0.115747
0.115562
0.115384
0.115208
0.115031
0.114854
0.114675
0.114492
0.114305
0.114111
0.113907
0.113689
0.113464
0.113240
0.113025
0.112832
0.112669
0.112533
0.112417
0.112305
0.112171
0.112031
0.111879
0.111719
0.111555
0.111386
0.111213
0.111037
0.110858
0.110677
0.110494
0.110309
0.110123
0.109935
0.109746
0.109556
0.109365
0.109175
0.108985
0.108796
0.108608
0.108420
0.108233
0.108046
0.107858
0.107668
0.107476
0.107280
0.107076
0.106864
0.106648
0.106431
0.106216
0.106011
0.105830
0.105678
0.105553
0.105447
0.105343
0.105195
0.105027
0.104879
0.104740
0.104603
0.104465
0.104325
0.104183
0.104039
0.103893
0.103746
0.103597
0.103447
0.103297
0.103146
0.102996
0.102845
0.102694
0.102544
0.102395
0.102246
0.102098
0.101950
0.101803
0.101656
0.101510
0.101364
0.101219
0.101073
0.100927
0.100782
0.100636
0.100490
0.100344
0.100200
0.100056
0.099914
0.099773
0.099633
0.099494
0.099356
0.099218
0.099082
0.098947
0.098812
0.098679
0.098548
0.098418
0.098290
0.098164
0.098039
0.097917
0.097796
0.097677
0.097560
0.097443
0.097328
0.097213
0.097099
0.096985
0.096872
0.096758
0.096644
0.096530
0.096415
0.096301
0.096187
0.096076
0.095967
0.095859
0.095753
0.095647
0.095542
0.095438
0.095334
0.095230
0.095126
0.095022
0.094917
0.094812
0.094707
0.094601
0.094496
0.094390
0.094284
0.094178
0.094072
0.093967
0.093861
0.093755
0.093648
0.093542
0.093435
0.093328
0.093221
0.093114
0.093007
0.092901
0.092794
0.092689
0.092583
0.092477
0.092371
0.092265
0.092159
0.092051
0.091943
0.091834
0.091724
0.091613
0.091501
0.091388
0.091275
0.091161
0.091047
0.090933
0.090819
0.090705
0.090590
0.090475
0.090359
0.090241
0.090122
0.090000
0.089874
0.089741
0.089625
0.089535
0.089465
0.089410
0.089363
0.089315
0.089264
0.089208
0.089147
0.089080
0.089009
0.088932
0.088851
0.088766
0.088676
0.088583
0.088487
0.088390
0.088290
0.088189
0.088086
0.087982
0.087876
0.087769
0.087661
0.087551
0.087441
0.087330
0.087218
0.087106
0.086993
0.086879
0.086765
0.086650
0.086535
0.086420
0.086306
0.086192
0.086079
0.085967
0.085855
0.085744
0.085634
0.085524
0.085415
0.085307
0.085199
0.085092
0.084985
0.084879
0.084774
0.084669
0.084564
0.084460
0.084356
0.084253
0.084150
0.084047
0.083945
0.083842
0.083740
0.083638
0.083536
0.083434
0.083332
0.083230
0.083128
0.083026
0.082924
0.082823
0.082722
0.082621
0.082521
0.082421
0.082322
0.082222
0.082122
0.082021
0.081920
0.081817
0.081712
0.081605
0.081495
0.081383
0.081267
0.081147
0.081019
0.080881
0.080737
0.080588
0.080437
0.080289
0.080156
0.080042
0.079949
0.079874
0.079808
0.079728
0.079658
0.079601
0.079547
0.079493
0.079437
0.079380
0.079322
0.079262
0.079200
0.079137
0.079073
0.079008
0.078942
0.078875
0.078808
0.078740
0.078673
0.078604
0.078536
0.078468
0.078400
0.078332
0.078264
0.078196
0.078129
0.078061
0.077993
0.077925
0.077857
0.077788
0.077720
0.077651
0.077582
0.077513
0.077444
0.077375
0.077306
0.077237
0.077169
0.077100
0.077031
0.076962
0.076893
0.076824
0.076755
0.076685
0.076616
0.076547
0.076477
0.076408
0.076338
0.076268
0.076198
0.076128
0.076058
0.075987
0.075915
0.075844
0.075772
0.075699
0.075626
0.075553
0.075479
0.075405
0.075331
0.075258
0.075185
0.075113
0.075041
0.074970
0.074900
0.074829
0.074760
0.074690
0.074621
0.074553
0.074485
0.074417
0.074349
0.074282
0.074216
0.074149
0.074084
0.074018
0.073952
0.073887
0.073823
0.073758
0.073694
0.073630
0.073566
0.073503
0.073439
0.073376
0.073314
0.073251
0.073189
0.073127
0.073065
0.073003
0.072942
0.072881
0.072820
0.072759
0.072699
0.072639
0.072579
0.072519
0.072460
0.072401
0.072341
0.072283
0.072224
0.072166
0.072107
0.072049
0.071991
0.071933
0.071876
0.071818
0.071761
0.071703
0.071646
0.071589
0.071532
0.071475
0.071418
0.071361
0.071305
0.071248
0.071192
0.071136
0.071081
0.071025
0.070970
0.070915
0.070861
0.070806
0.070752
0.070699
0.070645
0.070592
0.070539
0.070486
0.070433
0.070380
0.070328
0.070276
0.070223
0.070171
0.070119
0.070067
0.070015
0.069963
0.069910
0.069858
0.069806
0.069753
0.069700
0.069647
0.069594
0.069541
0.069488
0.069435
0.069382
0.069329
0.069276
0.069224
0.069171
0.069119
0.069067
0.069016
0.068964
0.068913
0.068861
0.068810
0.068759
0.068708
0.068657
0.068606
0.068555
0.068503
0.068452
0.068401
0.068349
0.068297
0.068245
0.068193
0.068141
0.068088
0.068036
0.067983
0.067929
0.067876
0.067822
0.067768
0.067714
0.067659
0.067604
0.067549
0.067494
0.067439
0.067384
0.067329
0.067274
0.067220
0.067165
0.067111
0.067056
0.067002
0.066948
0.066894
0.066840
0.066786
0.066732
0.066678
0.066625
0.066571
0.066518
0.066465
0.066412
0.066359
0.066306
0.066253
0.066200
0.066148
0.066095
0.066043
0.065990
0.065938
0.065886
0.065834
0.065782
0.065730
0.065679
0.065627
0.065576
0.065525
0.065474
0.065422
0.065372
0.065321
0.065270
0.065220
0.065169
0.065119
0.065069
0.065019
0.064970
0.064920
0.064870
0.064821
0.064772
0.064723
0.064674
0.064625
0.064576
0.064527
0.064479
0.064430
0.064382
0.064333
0.064285
0.064237
0.064189
0.064141
0.064093
0.064045
0.063997
0.063950
0.063902
0.063854
0.063807
0.063759
0.063712
0.063664
0.063617
0.063570
0.063523
0.063476
0.063428
0.063381
0.063335
0.063288
0.063241
0.063194
0.063147
0.063101
