-0.105376
-0.193197
-0.242341
-0.263512
-0.270226
-0.272133
-0.272617
-0.272770
-0.273059
-0.273846
-0.275376
-0.277980
-0.282002
-0.287749
-0.295395
-0.304896
-0.315917
-0.327901
-0.340274
-0.352542
-0.364265
-0.375109
-0.384939
-0.393718
-0.401412
-0.408107
-0.414092
-0.419547
-0.424607
-0.429401
-0.433955
-0.438250
-0.442327
-0.446238
-0.450012
-0.453683
-0.457276
-0.460792
-0.464228
-0.467601
-0.470937
-0.474264
-0.477603
-0.480938
-0.484243
-0.487535
-0.490831
-0.494139
-0.497454
-0.500756
-0.504023
-0.507242
-0.510411
-0.513535
-0.516615
-0.519647
-0.522615
-0.525518
-0.528377
-0.531208
-0.534012
-0.536791
-0.539549
-0.542296
-0.545030
-0.547736
-0.550313
-0.552733
-0.555239
-0.557841
-0.560385
-0.562842
-0.565183
-0.567434
-0.569627
-0.571791
-0.573945
-0.576079
-0.578170
-0.580207
-0.582197
-0.584157
-0.586102
-0.588043
-0.589983
-0.591916
-0.593836
-0.595739
-0.597618
-0.599470
-0.601296
-0.603099
-0.604880
-0.606641
-0.608382
-0.610105
-0.611810
-0.613497
-0.615155
-0.616751
-0.618225
-0.619582
-0.620959
-0.622508
-0.624160
-0.625819
-0.627454
-0.629024
-0.630597
-0.632165
-0.633708
-0.635257
-0.636815
-0.638360
-0.639903
-0.641449
-0.642986
-0.644506
-0.646014
-0.647514
-0.649009
-0.650500
-0.651988
-0.653469
-0.654935
-0.656379
-0.657809
-0.659240
-0.660522
-0.661647
-0.662769
-0.664112
-0.665485
-0.666652
-0.667745
-0.668940
-0.670353
-0.671803
-0.673205
-0.674566
-0.675893
-0.677181
-0.678433
-0.679653
-0.680849
-0.682026
-0.683186
-0.684333
-0.685468
-0.686594
-0.687708
-0.688811
-0.689903
-0.690988
-0.692068
-0.693112
-0.694130
-0.695179
-0.696242
-0.697282
-0.698301
-0.699308
-0.700313
-0.701328
-0.702366
-0.703406
-0.704423
-0.705416
-0.706394
-0.707362
-0.708329
-0.709298
-0.710259
-0.711208
-0.712146
-0.713077
-0.714004
-0.714928
-0.715851
-0.716745
-0.717582
-0.718396
-0.719232
-0.720103
-0.720962
-0.721793
-0.722607
-0.723416
-0.724226
-0.725042
-0.725866
-0.726699
-0.727538
-0.728376
-0.729209
-0.730036
-0.730859
-0.731678
-0.732492
-0.733300
-0.734099
-0.734890
-0.735673
-0.736448
-0.737216
-0.737977
-0.738731
-0.739478
-0.740216
-0.740947
-0.741670
-0.742387
-0.743099
-0.743803
-0.744488
-0.745177
-0.745874
-0.746554
-0.747216
-0.747861
-0.748491
-0.749109
-0.749718
-0.750322
-0.750924
-0.751529
-0.752137
-0.752746
-0.753342
-0.753924
-0.754496
-0.755063
-0.755629
-0.756196
-0.756766
-0.757338
-0.757909
-0.758477
-0.759042
-0.759604
-0.760164
-0.760723
-0.761282
-0.761839
-0.762397
-0.762954
-0.763513
-0.764075
-0.764596
-0.765048
-0.765471
-0.765914
-0.766388
-0.766851
-0.767312
-0.767784
-0.768271
-0.768778
-0.769303
-0.769845
-0.770398
-0.770953
-0.771503
-0.772049
-0.772590
-0.773126
-0.773659
-0.774188
-0.774714
-0.775238
-0.775758
-0.776275
-0.776790
-0.777303
-0.777814
-0.778324
-0.778832
-0.779340
-0.779846
-0.780352
-0.780855
-0.781357
-0.781856
-0.782353
-0.782847
-0.783339
-0.783828
-0.784314
-0.784797
-0.785279
-0.785758
-0.786235
-0.786710
-0.787183
-0.787655
-0.788125
-0.788593
-0.789059
-0.789523
-0.789985
-0.790445
-0.790903
-0.791359
-0.791812
-0.792264
-0.792713
-0.793160
-0.793604
-0.794047
-0.794487
-0.794926
-0.795363
-0.795798
-0.796231
-0.796663
-0.797093
-0.797522
-0.797951
-0.798379
-0.798807
-0.799235
-0.799665
-0.800098
-0.800535
-0.800977
-0.801423
-0.801870
-0.802306
-0.802715
-0.803075
-0.803382
-0.803655
-0.803924
-0.804235
-0.804675
-0.805274
-0.805810
-0.806292
-0.806739
-0.807160
-0.807563
-0.807954
-0.808336
-0.808713
-0.809090
-0.809468
-0.809855
-0.810253
-0.810648
-0.811021
-0.811361
-0.811657
-0.811916
-0.812160
-0.812422
-0.812753
-0.813228
-0.813726
-0.814207
-0.814652
-0.815068
-0.815465
-0.815853
-0.816235
-0.816614
-0.816991
-0.817367
-0.817744
-0.818121
-0.818499
-0.818878
-0.819259
-0.819639
-0.820017
-0.820392
-0.820765
-0.821135
-0.821503
-0.821868
-0.822232
-0.822595
-0.822958
-0.823322
-0.823691
-0.824066
-0.824450
-0.824828
-0.825195
-0.825541
-0.825853
-0.826121
-0.826356
-0.826579
-0.826820
-0.827129
-0.827632
-0.828176
-0.828630
-0.829029
-0.829394
-0.829738
-0.830068
-0.830390
-0.830708
-0.831023
-0.831337
-0.831649
-0.831961
-0.832273
-0.832584
-0.832894
-0.833204
-0.833512
-0.833819
-0.834124
-0.834428
-0.834731
-0.835033
-0.835333
-0.835632
-0.835930
-0.836228
-0.836524
-0.836821
-0.837118
-0.837415
-0.837712
-0.838010
-0.838306
-0.838600
-0.838893
-0.839182
-0.839470
-0.839755
-0.840038
-0.840320
-0.840599
-0.840877
-0.841152
-0.841426
-0.841697
-0.841965
-0.842229
-0.842490
-0.842746
-0.842999
-0.843248
-0.843494
-0.843737
-0.843976
-0.844214
-0.844449
-0.844683
-0.844916
-0.845148
-0.845379
-0.845611
-0.845844
-0.846077
-0.846312
-0.846546
-0.846778
-0.847006
-0.847230
-0.847450
-0.847668
-0.847884
-0.848099
-0.848313
-0.848527
-0.848740
-0.848954
-0.849169
-0.849384
-0.849600
-0.849817
-0.850034
-0.850252
-0.850470
-0.850688
-0.850906
-0.851124
-0.851342
-0.851560
-0.851778
-0.851997
-0.852216
-0.852436
-0.852657
-0.852877
-0.853097
-0.853316
-0.853534
-0.853752
-0.853968
-0.854184
-0.854400
-0.854616
-0.854832
-0.855049
-0.855267
-0.855486
-0.855706
-0.855928
-0.856152
-0.856377
-0.856603
-0.856831
-0.857058
-0.857284
-0.857509
-0.857734
-0.857958
-0.858181
-0.858404
-0.858627
-0.858850
-0.859072
-0.859296
-0.859521
-0.859747
-0.859937
-0.860083
-0.860204
-0.860319
-0.860444
-0.860595
-0.860752
-0.860906
-0.861061
-0.861221
-0.861386
-0.861558
-0.861736
-0.861922
-0.862114
-0.862313
-0.862517
-0.862724
-0.862933
-0.863146
-0.863362
-0.863580
-0.863800
-0.864023
-0.864248
-0.864475
-0.864703
-0.864933
-0.865163
-0.865394
-0.865626
-0.865859
-0.866093
-0.866328
-0.866563
-0.866797
-0.867030
-0.867261
-0.867491
-0.867719
-0.867945
-0.868169
-0.868392
-0.868614
-0.868833
-0.869052
-0.869268
-0.869484
-0.869698
-0.869911
-0.870123
-0.870333
-0.870542
-0.870750
-0.870958
-0.871164
-0.871369
-0.871574
-0.871778
-0.871982
-0.872185
-0.872387
-0.872590
-0.872792
-0.872994
-0.873196
-0.873398
-0.873598
-0.873799
-0.873998
-0.874196
-0.874393
-0.874588
-0.874782
-0.874976
-0.875169
-0.875362
-0.875556
-0.875750
-0.875945
-0.876143
-0.876344
-0.876548
-0.876754
-0.876962
-0.877175
-0.877396
-0.877625
-0.877854
-0.878076
-0.878288
-0.878482
-0.878657
-0.878818
-0.878981
-0.879165
-0.879407
-0.879787
-0.880127
-0.880390
-0.880610
-0.880802
-0.880976
-0.881139
-0.881295
-0.881446
-0.881594
-0.881741
-0.881887
-0.882033
-0.882178
-0.882323
-0.882468
-0.882613
-0.882757
-0.882901
-0.883045
-0.883189
-0.883331
-0.883474
-0.883616
-0.883758
-0.883899
-0.884041
-0.884182
-0.884323
-0.884465
-0.884607
-0.884750
-0.884893
-0.885036
-0.885179
-0.885322
-0.885464
-0.885607
-0.885749
-0.885891
-0.886033
-0.886175
-0.886317
-0.886460
-0.886602
-0.886745
-0.886887
-0.887030
-0.887172
-0.887315
-0.887458
-0.887601
-0.887744
-0.887887
-0.888031
-0.888176
-0.888321
-0.888467
-0.888613
-0.888760
-0.888909
-0.889058
-0.889208
-0.889358
-0.889509
-0.889659
-0.889808
-0.889956
-0.890103
-0.890249
-0.890394
-0.890538
-0.890681
-0.890822
-0.890963
-0.891104
-0.891243
-0.891381
-0.891519
-0.891655
-0.891791
-0.891927
-0.892061
-0.892195
-0.892328
-0.892461
-0.892593
-0.892724
-0.892855
-0.892985
-0.893115
-0.893244
-0.893373
-0.893501
-0.893628
-0.893756
-0.893882
-0.894008
-0.894134
-0.894259
-0.894384
-0.894508
-0.894632
-0.894755
-0.894878
-0.895000
-0.895122
-0.895243
-0.895364
-0.895484
-0.895604
-0.895723
-0.895842
-0.895961
-0.896079
-0.896197
-0.896315
-0.896432
-0.896549
-0.896666
-0.896782
-0.896898
-0.897014
-0.897130
-0.897246
-0.897361
-0.897476
-0.897591
-0.897706
-0.897820
-0.897934
-0.898048
-0.898161
-0.898273
-0.898385
-0.898497
-0.898608
-0.898718
-0.898828
-0.898937
-0.899046
-0.899154
-0.899262
-0.899369
-0.899476
-0.899583
-0.899689
-0.899795
-0.899901
-0.900006
-0.900112
-0.900217
-0.900323
-0.900428
-0.900534
-0.900639
-0.900745
-0.900851
-0.900958
-0.901064
-0.901171
-0.901278
-0.901385
-0.901493
-0.901600
-0.901708
-0.901815
-0.901921
-0.902027
-0.902133
-0.902238
-0.902343
-0.902448
-0.902552
-0.902656
-0.902760
-0.902863
-0.902967
-0.903070
-0.903173
-0.903277
-0.903380
-0.903484
-0.903587
-0.903691
-0.903796
-0.903900
-0.904005
-0.904110
-0.904216
-0.904322
-0.904429
-0.904536
-0.904644
-0.904752
-0.904861
-0.904970
-0.905080
-0.905190
-0.905301
-0.905412
-0.905523
-0.905634
-0.905746
-0.905857
-0.905967
-0.906078
-0.906188
-0.906298
-0.906408
-0.906518
-0.906627
-0.906737
-0.906846
-0.906955
-0.907063
-0.907172
-0.907280
-0.907388
-0.907495
-0.907603
-0.907710
-0.907817
-0.907924
-0.908031
-0.908137
-0.908243
-0.908349
-0.908455
-0.908561
-0.908666
-0.908771
-0.908876
-0.908981
-0.909086
-0.909190
-0.909294
-0.909398
-0.909501
-0.909604
-0.909707
-0.909810
-0.909913
-0.910015
-0.910117
-0.910218
-0.910319
-0.910420
-0.910521
-0.910622
-0.910722
-0.910822
-0.910921
-0.911021
-0.911120
-0.911219
-0.911318
-0.911416
-0.911514
-0.911612
-0.911710
-0.911808
-0.911905
-0.912003
-0.912100
-0.912197
-0.912294
-0.912390
-0.912487
-0.912583
-0.912679
-0.912776
-0.912872
-0.912968
-0.913063
-0.913159
-0.913255
-0.913350
-0.913445
-0.913540
-0.913636
-0.913730
-0.913825
-0.913920
-0.914014
-0.914109
-0.914203
-0.914297
-0.914391
