0.000000000000000
0.000000102382463
0.000000222737797
0.000000367480106
0.000000546119299
0.000000772349983
0.000001063858146
0.000001439711883
0.000001919652951
0.000002532086414
0.000003330648921
0.000004422236899
0.000006005958119
0.000008366854122
0.000011834514212
0.000016888117570
0.000024299739008
0.000035291836381
0.000051804083831
0.000077015711903
0.000116463510464
0.000180769525363
0.000293810786700
0.000526076348245
0.001236517182949
0.006920418958849
0.027621091142006
0.041945894279829
0.056519059212576
0.070980735789670
0.085223103860617
0.099564217989684
0.113825722615706
0.128046522691230
0.142382787985214
0.156536265411491
0.170824849920091
0.185043817357293
0.199204987904659
0.213572473582394
0.227668743223859
0.241915139302146
0.256206491401213
0.270464388155920
0.284638213465953
0.298748416481482
0.312956625733767
0.327328509909491
0.341500169591011
0.355644819732515
0.369962938998116
0.384090069043721
0.398351193993946
0.412557140689774
0.426698985962467
0.441079208418426
0.455161576871192
0.469412189394908
0.483759584243376
0.497773271439507
0.512107810475503
0.526394420112942
0.540405935880257
0.554828551635694
0.568990739068727
0.583132224017888
0.597476019931143
0.611601437338467
0.625883256798138
0.640103923789666
0.654232162080579
0.668546501522526
0.682642652439251
0.696861909123640
0.711137762886733
0.725384004007294
0.739549293012913
0.753664118173600
0.767859542804049
0.782260666043602
0.796442994693712
0.810582270498717
0.824961539103490
0.839047627942009
0.853304670072195
0.867508865129638
0.881674355709765
0.896005284181258
0.910093534101625
0.924346242262154
0.938621319375155
0.952713505384121
0.967092384724879
0.981351978647124
0.995397859694531
