0.173890
0.147477
0.127194
0.111362
0.098671
0.088083
0.078890
0.070755
0.063621
0.057479
0.052230
0.047665
0.043547
0.039760
0.036338
0.033285
0.030572
0.028166
0.026047
0.024197
0.022607
0.021269
0.020177
0.019330
0.018750
0.018547
0.018560
0.018568
0.018573
0.018577
0.018581
0.018583
0.018585
0.018587
0.018588
0.018589
0.018590
0.018590
0.018591
0.018591
0.018592
0.018592
0.018592
0.018592
0.018592
0.018592
0.018592
0.018592
0.018592
0.018592
0.018592
0.018593
0.018592
0.018593
0.018593
0.018592
0.018593
0.018593
0.018593
0.018593
0.018592
0.018593
0.018593
0.018593
0.018593
0.018592
0.018593
0.018593
0.018593
0.018593
0.018593
0.018593
0.018593
0.018593
0.018593
0.018593
0.018593
0.018593
0.018593
0.018593
0.018593
0.018592
0.018593
0.018593
0.018593
0.018593
0.018593
0.018593
0.018593
0.018593
0.018593
0.018593
0.018592
0.018593
0.018593
