-0.866696
-0.892830
-0.912482
-0.927487
-0.939276
-0.948970
-0.957331
-0.964703
-0.971125
-0.976574
-0.981129
-0.984992
-0.988388
-0.991422
-0.994052
-0.996268
-0.998106
-0.999608
-1.000808
-1.001737
-1.002428
-1.002915
-1.003233
-1.003421
-1.003512
-1.003567
-1.003675
-1.003722
-1.003752
-1.003770
-1.003781
-1.003788
-1.003792
-1.003795
-1.003797
-1.003798
-1.003798
-1.003799
-1.003799
-1.003799
-1.003799
-1.003799
-1.003799
-1.003799
-1.003799
-1.003799
-1.003799
-1.003799
-1.003799
-1.003799
-1.003799
-1.003799
-1.003799
-1.003799
-1.003799
-1.003799
-1.003799
-1.003799
-1.003799
-1.003799
-1.003799
-1.003799
-1.003799
-1.003799
-1.003799
-1.003799
-1.003799
-1.003799
-1.003799
-1.003799
-1.003799
-1.003799
-1.003799
-1.003799
-1.003799
-1.003799
-1.003799
-1.003799
-1.003799
-1.003799
-1.003799
-1.003799
-1.003799
-1.003799
-1.003799
-1.003799
-1.003799
-1.003799
-1.003799
-1.003799
-1.003799
-1.003799
-1.003799
-1.003799
-1.003799
